1.13 1.38 1.90 1.98 1.83 0.73 1.68 0.02 0.95 1.58
1.45 2.00 0.01 6.00 0.46 10.00 1.33 14.00 0.67 18.00
0.40 4.00 0.64 12.00 1.32 20.00 0.10 28.00 1.32 36.00
1.26 6.00 0.97 18.00 1.03 30.00 0.40 42.00 0.87 54.00
1.83 8.00 0.32 24.00 1.27 40.00 1.23 56.00 0.17 72.00
1.12 10.00 1.57 30.00 0.64 50.00 1.80 70.00 0.15 90.00
1.78 12.00 0.58 36.00 0.70 60.00 0.19 84.00 0.38 108.00
0.33 14.00 1.56 42.00 0.89 70.00 0.92 98.00 1.59 126.00
0.38 16.00 0.87 48.00 0.90 80.00 0.10 112.00 1.80 144.00
1.88 18.00 0.36 54.00 1.02 90.00 0.28 126.00 1.22 162.00
